#1a1a1a
#3a2008
#3a5c3a
#5c3a18
#D4AA6A
#aab6c9
#cfc09a
#f6f2ea
rgba(0,0,0,0.08)
rgba(0,0,0,0.18)
rgba(0,0,0,0.2)
rgba(0,0,0,0.26)
rgba(0,0,0,0.3)
rgba(107, 58, 24, 0.65)
rgba(148, 72, 50, 0.97)
rgba(181,114,74,0.04)
rgba(198, 212, 188, 0.97)
rgba(208, 170, 110, 0.97)
rgba(212, 170, 106, 0.14)
rgba(245, 240, 232, 0.55)
rgba(245, 240, 232, 0.75)
rgba(245,240,232,0.68)
rgba(245,240,232,0.7)
rgba(245,240,232,0.75)
rgba(255, 255, 255, 0.35)
rgba(255, 255, 255, 0.5)
rgba(255,255,255,0.04)
rgba(255,255,255,0.07)
rgba(255,255,255,0.08)
rgba(255,255,255,0.38)
rgba(255,255,255,0.4)
rgba(255,255,255,0.7)
rgba(255,255,255,0.78)
rgba(255,255,255,0.88)
rgba(30, 46, 30, 0.6)
rgba(30, 51, 32, 0.6)
rgba(40, 42, 40, 0.48)
rgba(40, 42, 40, 0.5)
rgba(40, 42, 40, 0.55)
rgba(40, 42, 40, 0.58)
rgba(40,42,40,0.3)
rgba(40,42,40,0.4)
rgba(42, 37, 32, 0.12)
rgba(42, 37, 32, 0.16)
rgba(42, 37, 32, 0.35)
rgba(42,37,32,0.12)
rgba(42,37,32,0.14)
rgba(42,37,32,0.38)
rgba(58, 32, 8, 0.6)
rgba(74,94,74,0.08)
rgba(74,94,74,0.4)
